4.2路径坐标
X:[6.964282743425213, 7.398335486850425, 7.832388230275638, 8.26644097370085, 8.700493717126063, 9.134546460551276, 9.568599203976488, 10.0026519474017, 10.436704690826913, 10.870757434252125, 11.304810177677338, 11.73886292110255, 12.172915664527762, 12.606968407952975, 13.041021151378187, 13.4750738948034, 13.909126638228612, 14.343179381653824, 14.777232125079037, 15.211284868504249, 15.645337611929461, 16.079390355354676, 16.513443098779888, 16.9474958422051, 17.381548585630313, 17.815601329055525, 18.249654072480737, 18.68370681590595, 19.117759559331162, 19.551812302756375, 19.985865046181587, 19.985865046181587, 20.235865046181587, 20.485865046181587, 20.735865046181587, 20.985865046181587, 21.01674256162223, 20.76674256162223, 20.51674256162223, 20.26674256162223, 20.01674256162223, 19.76674256162223, 19.51674256162223, 19.26674256162223, 19.01674256162223, 18.76674256162223, 18.51674256162223, 18.26674256162223, 18.01674256162223, 17.76674256162223, 17.082689818197018, 16.648637074771806, 16.214584331346593, 15.78053158792138, 15.346478844496168, 14.912426101070956, 14.478373357645744, 14.044320614220531, 13.610267870795319, 13.176215127370106, 12.742162383944894, 12.308109640519682, 11.87405689709447, 11.440004153669257, 11.005951410244045, 10.571898666818832, 10.13784592339362, 9.703793179968407, 9.269740436543195, 8.835687693117983, 8.40163494969277, 7.967582206267558, 7.5335294628423455, 7.099476719417133, 6.665423975991921, 6.231371232566708, 5.797318489141496, 5.363265745716284, 4.929213002291071, 4.495160258865859, 4.061107515440646, 3.627054772015434, 3.1930020285902216, 2.7589492851650093, 2.324896541739797, 1.8908437983145843]
Y:[4.2186158787723755, 4.466805757544751, 4.714995636317127, 4.963185515089503, 5.2113753938618785, 5.459565272634254, 5.70775515140663, 5.955945030179006, 6.2041349089513815, 6.452324787723757, 6.700514666496133, 6.948704545268509, 7.1968944240408845, 7.44508430281326, 7.693274181585636, 7.941464060358012, 8.189653939130388, 8.437843817902763, 8.686033696675139, 8.934223575447515, 9.18241345421989, 9.430603332992266, 9.678793211764642, 9.926983090537018, 10.175172969309394, 10.42336284808177, 10.671552726854145, 10.91974260562652, 11.167932484398897, 11.416122363171272, 11.664312241943648, 11.663823420812687, 11.851361745183144, 12.104583281518819, 12.468326163178055, 13.186677213713363, 13.55873695109823, 14.591212543239017, 14.975427372953774, 15.238920769781194, 15.43330985807623, 15.578645242759698, 15.685009613094937, 15.758064430668783, 15.801067723791437, 15.81573788781225, 15.802630701887354, 15.761250311719737, 15.689950465771041, 15.585576113271635, 15.33738623449926, 15.089196355726884, 14.841006476954508, 14.592816598182132, 14.344626719409757, 14.09643684063738, 13.848246961865005, 13.60005708309263, 13.351867204320254, 13.103677325547878, 12.855487446775502, 12.607297568003126, 12.35910768923075, 12.110917810458375, 11.862727931685999, 11.614538052913623, 11.366348174141248, 11.118158295368872, 10.869968416596496, 10.62177853782412, 10.373588659051745, 10.125398780279369, 9.877208901506993, 9.629019022734617, 9.380829143962242, 9.132639265189866, 8.88444938641749, 8.636259507645114, 8.388069628872739, 8.139879750100363, 7.891689871327987, 7.643499992555611, 7.3953101137832356, 7.14712023501086, 6.898930356238484, 6.650740477466108]